$ 1 0.000005 10.20027730826997 50 5 43 5e-11
s 448 368 528 368 0 1 false
v 544 128 544 80 0 0 36 5 0 0 0.5
f 80 336 128 336 32 1.5 0.02
f 352 128 304 128 33 -1.9561000000000002 0.02
f 352 336 304 336 32 1.5 0.02
f 80 128 128 128 33 -1.9561000000000002 0.02
w 128 224 128 320 0
w 304 320 304 224 0
w 304 112 224 112 0
w 224 112 128 112 0
w 304 352 224 352 0
w 224 352 128 352 0
r 400 224 432 224 0 1000
w 48 128 48 224 0
w 48 224 48 336 0
w 384 128 384 224 0
w 384 224 384 336 0
w 544 80 544 48 0
w 544 48 224 48 0
w 224 48 224 112 0
g 224 352 224 384 0 0
g 544 128 544 144 0 0
w 0 224 0 416 0
w 0 416 448 416 0
s 448 416 528 416 0 1 false
w 528 416 592 416 0
415 128 224 304 224 0 0.5 1 0.15 0.15 0.02 0.05 1 0
w 48 128 80 128 0
w 48 336 80 336 0
w 352 336 384 336 0
w 352 128 384 128 0
w 448 368 448 224 0
r 0 224 48 224 0 1000
w 384 224 400 224 0
w 432 224 448 224 0
w 528 368 592 368 0
w 592 416 592 368 0
w 544 48 592 48 0
w 592 48 592 368 0
d 128 144 128 224 2 default
d 304 144 304 224 2 default
403 -144 0 -16 64 0 26_64_0_4099_10_0.1_-1_2_26_3
r 176 176 256 176 0 100
w 176 176 128 224 0
w 256 176 304 224 0
38 3 F1 0 0.01 5 -1 Threshold\sVoltage
